-5.7
-4.03
4.66
1.5
9.93
-2.02
4.18
0.6
8.33
9.77
-6.65
-7.29
8.06
3.5
9.75
4.91
4.01
9.19
-9.21
-2.22
-8.26
3.23
-6.44
9.54
9.49
4.33
0.59
0.76
4.87
-0.17
-2.48
-8.16
-1.37
-0.39
3.04
-4.4
2.22
8.36
3.53
5.82
4.84
-3.01
9.04
4.98
-3.75
3.79
1.52
-8.67
-0.1
3.93
-8.64
1.46
6.91
-4.96
-6.54
-4.99
5.23
-3.77
-1.02
9.43
1.9
0.24
3.13
7.94
-2.46
7.09
-9.92
-5.64
-7.76
5.8
6.68
0.75
4.39
8.35
-4.4
1.52
8.94
-8.99
9.07
-1.96
-1.0
-1.44
-5.45
-5.01
-7.75
-1.1
-1.97
2.44
-5.22
-5.76
6.68
7.75
4.47
-4.08
-6.15
2.66
-1.92
6.77
3.23
6.89
2.09
1.87
0.31
-4.87
1.66
-2.93
1.95
6.41
5.69
2.36
3.7
-5.19
7.18
-7.84
-8.71
-9.53
5.61
-9.42
-1.82
2.17
8.54
1.76
-3.25
-2.86
5.51
-9.75
-3.6
-7.08
-7.59
0.85
-0.27
-5.67
-4.88
-4.64
8.57
-3.19
3.02
-7.05
-0.08
0.51
-2.65
9.55
-8.23
-0.41
8.08
9.59
-4.07
-8.22
3.63
-4.55
-6.19
-1.75
3.24
-2.42
-2.62
-1.8
-2.88
-4.67
-6.37
-7.88
1.68
-7.59
9.06
0.56
-3.9
9.28
3.0
2.25
-2.88
-9.26
-2.89
1.35
8.0
3.86
-3.07
-9.67
5.99
-8.61
-8.93
-4.15
0.07
9.48
8.55
6.22
8.58
-1.67
-6.19
-3.96
4.04
-3.61
-4.18
4.64
9.0
-6.27
-9.18
-9.91
-0.79
-4.49
-7.57
-3.8
8.75
9.92
-2.45
0.9
1.57
4.09
9.23
-8.06
8.23
-1.63
8.58
-1.48
8.71
4.88
4.05
6.3
9.87
-9.64
-1.13
-6.08
-3.8
6.36
5.21
3.01
3.08
-2.75
-7.45
1.2
1.91
7.4
8.1
8.56
-4.99
-8.04
-3.0
-5.56
0.38
-2.6
2.23
-2.14
-1.77
5.88
7.16
5.11
-9.44
-8.13
-4.5
7.7
-4.36
-2.66